22
41
73
87
109
112
113
115
117
120
138
151
152
156
158
160
161
162
169
170
186
189
192
193
196
202
203
214
220
222
223
225
226
231
233
236
238
243
246
250
252
257
260
262
272
273
277
278
282
283
284
302
316
324
341
344
346
349
351
367
368
379
394
397
401
422
432
434
448
457
461
463
464
465
475
493
495
503
510
518
521
522
539
587
591
592
608
613
624
625
631
634
657
658
661
663
671
673
687
713
716
727
732
736
750
753
756
758
759
762
769
770
776
786
797
800
805
814
825
846
851
858
859
862
867
869
874
880
893
900
908
912
931
934
936
944
948
954
960
962
965
966
969
971
974
986
989
990
1005
1019
1024
1031
1041
1043
1053
1075
1082
1095
1096
1102
1103
1110
1117
1129
1162
1166
1183
1186
1220
1222
1224
1225
1226
1232
1240
1241
1245
1260
1263
1279
1281
1285
1289
1292
1297
1299
1303
1305
1308
1309
1323
1329
1346
1358
1383
1394
1396
1399
1412
1418
1421
1426
1427
1428
1449
1450
1478
1481
1498
1499
1517
1520
1544
1547
1572
1577
1582
1584
1591
1607
1609
1617
1625
1630
1639
1647
1648
1650
1662
1682
1688
1717
1719
1733
1742
1749
1751
1761
1774
1784
1791
1793
1794
1795
1807
1823
1838
1841
1843
1845
1846
1847
1849
1873
1882
1886
1889
1903
1925
1927
1929
1935
1939
1956
1966
1968
1970
1976
1990
2003
2005
2027
2032
2039
2052
2064
2073
2077
2084
2092
2093
2101
2102
2103
2107
2114
2120
2124
2125
2149
2157
2159
2161
2164
2168
2170
2172
2175
2176
2183
2194
2197
2211
2221
2225
2226
2237
2241
2247
2258
2273
2293
2298
2300
2307
2319
2321
2323
2325
2332
2355
2358
2366
2383
2384
2407
2427
2437
2456
2463
2468
2478
2488
2502
2545
2549
2554
2577
2580
2590
2620
2637
2642
2644
2653
2658
2665
2668
2689
2717
2720
2753
2761
2764
2830
2832
2854
2859
2862
2894
2909
2937
2940
2942
2968
2969
3011
3055
3103
3104
3105
3129
3149
3150
3178
3187
3269
3271
3300
3303
3311
3320
3333
3334
3335
3336
3340
3349
3408
3423
3429
3430
3432
3446
3449
3453
3458
3469
3484
3486
3513
3515
3530
3545
3553
3571
3576
3599
3606
3618
3622
3642
3654
3661
3681
3689
3698
3719
3735
3746
3755
3756
3799
3814
3821
3824
3828
3848
3867
3872
3873
3875
3877
3887
3893
3894
3901
3903
3909
3916
3928
3941
3946
3955
3959
3972
3973
3974
3981
3983
3992
3993
4003
4007
4017
4022
4042
4055
4058
4065
4105
4152
4161
4164
4169
4171
4173
4178
4196
4197
4202
4204
4228
4230
4232
4233
4235
4238
4271
4296
4312
4334
4345
4392
4395
4416
4459
4467
4470
4473
4476
4480
4484
4492
4503
4508
4514
4517
4519
4533
4545
4549
4551
4558
4572
4578
4579
4580
4584
4586
4589
4590
4620
4634
4640
4641
4643
4650
4665
4666
4669
4671
4680
4689
4703
4710
4725
4726
4741
4746
4785
4797
4813
4847
4890
4915
4927
4941
4942
4955
5028
5041
5096
5104
5110
5112
5117
5119
5121
5163
5182
5214
5239
5265
5292
5316
5334
5364
